dN: 0 / 0.3331844381110099 = 0.0
dS: 0 / 0.09175925671233648 = 0.0

Substitutions:
